211 211 211 211 211 211 211 211
217 219 211 211 211 211 211 211
211 211 211 211 211 211 217 219
215 229 211 211 211 211 211 211
215 229 211 211 211 211 211 211
215 229 211 211 217 211 211 211
215 229 211 211 217 219 211 211
215 229 211 211 211 211 217 211
215 229 211 211 211 211 211 211
215 229 211 211 211 217 219 217
215 211 211 211 217 217 217 217
215 229 211 211 211 211 217 219
215 229 211 211 211 211 217 219
215 229 211 211 211 211 211 211
215 229 211 211 211 211 211 211
215 229 211 211 211 211 211 211
215 229 211 211 217 219 217 211
215 229 211 211 211 211 217 217
215 229 211 211 211 211 211 211
215 211 211 211 217 217 217 217
215 229 211 211 211 217 219 217
215 229 211 211 211 211 211 217
215 229 211 211 211 211 211 211
215 229 211 217 219 211 211 211
215 229 211 211 211 211 211 211
215 229 211 211 217 217 217 211
215 229 211 211 217 219 217 217
215 229 211 211 211 211 217 219
215 211 211 211 217 217 211 217
215 229 211 211 211 211 217 219
215 229 211 211 211 211 211 217
215 229 211 211 211 211 211 211
215 229 211 211 211 211 211 211
215 229 211 211 211 211 211 211
215 229 211 217 217 217 217 211
215 229 211 211 211 211 217 219
215 229 211 211 217 219 211 211
215 211 211 211 211 211 217 219
215 229 211 211 217 219 211 211
215 229 211 211 211 211 211 217
215 229 211 211 211 211 211 211
215 229 211 211 217 211 211 211
215 229 211 211 211 217 211 211
215 229 211 211 217 217 211 211
215 229 211 211 211 211 217 219
215 229 211 217 219 217 217 217
215 211 211 211 217 217 217 219
215 229 211 211 211 211 217 219
215 229 211 211 211 211 211 211
215 229 211 211 211 211 211 211
215 229 211 211 211 211 211 217
215 229 211 211 217 219 211 211
215 229 211 211 211 211 217 211
215 229 211 211 211 217 211 211
215 229 211 211 211 211 217 219
215 211 211 211 217 217 217 217
215 229 211 211 211 211 217 217
215 229 211 211 211 211 217 219
215 229 211 211 211 211 211 211
215 229 211 211 211 211 211 211
215 229 211 211 217 219 211 211
215 229 211 211 217 217 217 211
215 229 211 211 211 211 217 219
215 229 211 211 211 211 211 211
215 211 211 211 217 217 219 217
215 229 211 211 211 211 217 219
215 229 211 211 211 211 211 217
215 229 211 217 211 211 211 211
215 229 211 211 211 211 211 211
215 229 211 211 211 211 211 211
215 229 211 211 217 217 217 211
215 229 211 211 217 219 217 217
215 229 211 211 211 211 217 217
215 211 211 211 217 217 211 211
215 229 211 211 211 211 217 217
215 229 211 211 211 217 219 217
215 229 211 211 211 211 211 211
215 229 211 211 211 211 211 211
215 229 211 217 219 217 211 211
215 229 211 211 217 217 217 211
215 229 211 211 211 211 217 219
215 229 211 211 217 219 217 217
215 211 211 211 211 211 217 217
215 229 211 211 211 211 211 217
215 229 211 211 211 211 211 217
215 229 211 211 211 211 211 211
215 229 211 211 217 211 211 211
215 229 211 211 211 211 211 211
215 229 211 211 217 217 211 211
215 229 211 217 219 217 217 217
215 229 211 211 211 211 217 219
215 211 211 211 217 217 217 211
215 229 211 211 211 211 217 219
215 229 211 211 211 211 211 211
215 229 211 211 211 211 211 217
215 229 211 211 211 211 211 211
215 229 211 211 217 219 211 211
215 229 211 211 211 217 219 211
215 229 211 211 211 211 211 211
215 229 211 211 211 211 211 211
215 211 211 217 217 217 217 217
215 229 211 211 211 211 217 219
215 229 211 211 211 211 217 219
215 229 211 211 211 211 211 211
215 229 211 211 217 211 211 211
215 229 211 211 211 217 211 211
215 229 211 211 217 217 211 211
215 229 211 211 211 211 217 219
215 229 211 211 211 217 211 211
215 211 211 211 217 217 217 217
215 229 211 211 211 211 217 219
215 229 211 211 211 211 211 217
215 229 211 211 211 211 217 219
215 229 211 211 211 211 211 211
215 229 211 211 211 211 211 211
215 229 211 211 217 219 217 211
215 229 211 211 217 219 217 217
215 229 211 211 211 211 217 219
215 211 211 211 217 217 211 211
215 229 211 211 211 217 219 217
215 229 211 211 211 211 211 217
215 229 211 211 211 211 211 211
215 229 211 217 211 211 211 211
215 229 211 211 211 211 211 211
215 229 211 211 217 217 217 211
215 229 211 211 211 211 217 219
215 229 211 211 217 219 217 217
215 211 211 211 211 211 217 217
